episode,episode_steps,episode_reward,max_tile,total_step
1,798,1520.0,128,798
2,812,896.0,64,1610
3,1147,1168.0,128,2757
4,217,504.0,64,2974
5,404,400.0,32,3378
6,641,1404.0,128,4019
7,1169,1712.0,128,5188
8,390,636.0,64,5578
9,273,740.0,64,5851
10,389,1168.0,128,6240
11,652,2104.0,128,6892
12,137,336.0,32,7029
13,294,1248.0,128,7323
14,240,1544.0,128,7563
15,343,1244.0,128,7906
16,288,1344.0,128,8194
17,145,1172.0,128,8339
18,340,1744.0,128,8679
19,138,632.0,64,8817
20,174,796.0,64,8991
21,128,872.0,128,9119
22,403,2192.0,128,9522
23,248,1256.0,128,9770
24,247,1660.0,128,10017
25,244,1524.0,128,10261
26,288,2376.0,256,10549
27,135,1108.0,128,10684
28,221,788.0,64,10905
29,334,1724.0,128,11239
30,309,1264.0,128,11548
31,469,2372.0,256,12017
32,436,2780.0,256,12453
33,317,2304.0,256,12770
34,179,1712.0,128,12949
35,261,1620.0,128,13210
36,384,3036.0,256,13594
37,140,1312.0,128,13734
38,516,2904.0,256,14250
39,180,1456.0,128,14430
40,329,2032.0,128,14759
41,279,1696.0,128,15038
42,183,1328.0,128,15221
43,284,1820.0,128,15505
44,122,832.0,64,15627
45,374,1412.0,128,16001
46,543,5128.0,512,16544
47,178,1432.0,128,16722
48,420,2436.0,256,17142
49,552,2844.0,256,17694
50,182,1496.0,128,17876
51,535,3536.0,256,18411
52,154,1300.0,128,18565
53,268,2460.0,256,18833
54,367,3432.0,256,19200
55,310,3084.0,256,19510
56,223,1544.0,128,19733
57,243,524.0,32,19976
58,190,1372.0,128,20166
59,372,2624.0,256,20538
60,461,4688.0,512,20999
61,450,3180.0,256,21449
62,214,1756.0,128,21663
63,404,2892.0,256,22067
64,199,2396.0,256,22266
65,344,3044.0,256,22610
66,286,2976.0,256,22896
67,331,3060.0,256,23227
68,532,3328.0,256,23759
69,361,2784.0,256,24120
70,254,3072.0,256,24374
71,223,1336.0,128,24597
72,468,1660.0,128,25065
73,356,2872.0,256,25421
74,376,3292.0,256,25797
75,313,1848.0,128,26110
76,284,2672.0,256,26394
77,162,1484.0,128,26556
78,305,3320.0,256,26861
79,107,828.0,64,26968
80,467,4692.0,512,27435
81,465,5496.0,512,27900
82,210,1112.0,128,28110
83,154,1428.0,128,28264
84,203,2024.0,256,28467
85,155,1340.0,128,28622
86,274,2320.0,256,28896
87,411,3252.0,256,29307
88,314,2520.0,256,29621
89,344,3204.0,256,29965
90,808,9920.0,1024,30773
91,266,3036.0,256,31039
92,451,4468.0,512,31490
93,428,5096.0,512,31918
94,214,1644.0,128,32132
95,298,3068.0,256,32430
96,520,6348.0,512,32950
97,204,2308.0,256,33154
98,224,1392.0,128,33378
99,640,5316.0,512,34018
100,137,528.0,64,34155
101,261,2728.0,256,34416
102,300,2740.0,256,34716
103,782,6016.0,512,35498
104,204,2396.0,256,35702
105,748,6644.0,512,36450
106,348,3056.0,256,36798
107,453,5900.0,512,37251
108,289,2464.0,256,37540
109,333,2848.0,256,37873
110,352,3984.0,256,38225
111,208,1376.0,128,38433
112,439,3172.0,256,38872
113,469,3176.0,256,39341
114,345,3052.0,256,39686
115,433,1460.0,128,40119
116,224,1584.0,128,40343
117,200,1616.0,128,40543
118,231,2788.0,256,40774
119,292,3072.0,256,41066
120,259,2212.0,256,41325
121,215,1716.0,128,41540
122,271,1356.0,128,41811
123,446,5552.0,512,42257
124,298,2676.0,256,42555
125,324,3332.0,256,42879
126,234,1672.0,128,43113
127,238,1688.0,128,43351
128,369,2712.0,256,43720
129,200,2044.0,128,43920
130,214,1572.0,128,44134
131,217,1252.0,128,44351
132,359,3064.0,256,44710
133,186,1384.0,128,44896
134,826,7368.0,512,45722
135,418,1820.0,128,46140
136,200,1372.0,128,46340
137,310,3024.0,256,46650
138,212,1476.0,128,46862
139,422,3200.0,256,47284
140,312,2884.0,256,47596
141,283,2232.0,256,47879
142,322,3224.0,256,48201
143,328,2276.0,256,48529
144,185,1660.0,128,48714
145,280,3200.0,256,48994
146,580,5308.0,512,49574
147,316,2772.0,256,49890
148,316,3192.0,256,50206
149,265,3084.0,256,50471
150,257,2760.0,256,50728
151,183,2244.0,256,50911
152,226,2552.0,256,51137
153,251,2964.0,256,51388
154,303,3192.0,256,51691
155,336,2440.0,256,52027
156,168,1112.0,128,52195
157,331,2840.0,256,52526
158,430,2572.0,256,52956
159,241,1308.0,128,53197
160,255,2968.0,256,53452
161,461,3340.0,256,53913
162,273,3020.0,256,54186
163,359,3016.0,256,54545
164,505,4360.0,256,55050
165,226,1416.0,128,55276
166,391,3164.0,256,55667
167,256,2268.0,256,55923
168,388,3464.0,256,56311
169,472,2284.0,256,56783
170,316,3192.0,256,57099
171,345,3400.0,256,57444
172,229,1496.0,128,57673
173,379,3172.0,256,58052
174,132,1144.0,128,58184
175,270,2872.0,256,58454
176,85,644.0,64,58539
177,337,4668.0,512,58876
178,285,1800.0,128,59161
179,238,2336.0,256,59399
180,308,3112.0,256,59707
181,362,3064.0,256,60069
182,357,2400.0,256,60426
183,310,3204.0,256,60736
184,167,1276.0,128,60903
185,241,2360.0,256,61144
186,273,1280.0,128,61417
187,282,2040.0,128,61699
188,238,2760.0,256,61937
189,380,4500.0,512,62317
190,456,5284.0,512,62773
191,245,2796.0,256,63018
192,173,1400.0,128,63191
193,205,1444.0,128,63396
194,169,1648.0,128,63565
195,196,1084.0,128,63761
196,222,2420.0,256,63983
197,459,3088.0,256,64442
198,486,5480.0,512,64928
199,599,3300.0,256,65527
200,141,1020.0,64,65668
201,278,2744.0,256,65946
202,268,2820.0,256,66214
203,255,2424.0,256,66469
204,203,1352.0,128,66672
205,155,1460.0,128,66827
206,359,2280.0,256,67186
207,219,1360.0,128,67405
208,217,2264.0,256,67622
209,377,3164.0,256,67999
210,369,3168.0,256,68368
211,308,2332.0,256,68676
212,327,3032.0,256,69003
213,422,4048.0,256,69425
214,301,1632.0,128,69726
215,266,3108.0,256,69992
216,443,3288.0,256,70435
217,121,712.0,64,70556
218,267,3072.0,256,70823
219,207,1688.0,128,71030
220,258,2100.0,128,71288
221,340,3092.0,256,71628
222,202,2396.0,256,71830
223,258,2024.0,128,72088
224,393,3176.0,256,72481
225,320,3200.0,256,72801
226,346,3228.0,256,73147
227,391,3344.0,256,73538
228,301,3076.0,256,73839
229,350,4544.0,512,74189
230,361,2768.0,256,74550
231,254,1752.0,128,74804
232,595,5444.0,512,75399
233,392,3084.0,256,75791
234,332,3032.0,256,76123
235,234,2336.0,256,76357
236,392,3012.0,256,76749
237,285,1828.0,128,77034
238,270,3080.0,256,77304
239,263,2276.0,128,77567
240,175,1696.0,128,77742
241,194,2292.0,256,77936
242,249,2428.0,256,78185
243,330,3344.0,256,78515
244,312,2368.0,256,78827
245,458,5332.0,512,79285
246,299,2712.0,256,79584
247,393,5220.0,512,79977
248,263,2420.0,256,80240
249,379,2728.0,256,80619
250,541,5252.0,512,81160
251,383,2408.0,256,81543
252,405,3152.0,256,81948
253,280,2844.0,256,82228
254,444,3068.0,256,82672
255,221,1404.0,128,82893
256,439,3148.0,256,83332
257,544,5772.0,512,83876
258,259,2072.0,128,84135
259,515,5372.0,512,84650
260,159,1072.0,128,84809
261,384,2616.0,256,85193
262,231,2460.0,256,85424
263,691,6280.0,512,86115
264,412,3404.0,256,86527
265,722,6152.0,512,87249
266,532,6132.0,512,87781
267,334,3072.0,256,88115
268,443,5424.0,512,88558
269,333,3016.0,256,88891
270,355,3052.0,256,89246
271,286,3400.0,256,89532
272,259,2988.0,256,89791
273,330,3368.0,256,90121
274,83,524.0,64,90204
275,131,1172.0,128,90335
276,566,6292.0,512,90901
277,272,2588.0,256,91173
278,502,5324.0,512,91675
279,409,3236.0,256,92084
280,274,2540.0,256,92358
281,585,5420.0,512,92943
282,311,3036.0,256,93254
283,360,3124.0,256,93614
284,174,976.0,64,93788
285,257,1624.0,128,94045
286,321,3080.0,256,94366
287,395,3056.0,256,94761
288,481,3232.0,256,95242
289,465,3124.0,256,95707
290,472,3372.0,256,96179
291,459,5444.0,512,96638
292,291,2936.0,256,96929
293,323,2368.0,256,97252
294,200,1540.0,128,97452
295,288,2636.0,256,97740
296,182,1620.0,128,97922
297,274,2912.0,256,98196
298,311,3032.0,256,98507
299,175,1552.0,128,98682
300,174,1348.0,128,98856
301,597,2796.0,256,99453
302,493,6384.0,512,99946
303,229,744.0,64,100175
304,500,5284.0,512,100675
305,485,5708.0,512,101160
306,354,1316.0,128,101514
307,223,2556.0,256,101737
308,144,1348.0,128,101881
309,200,1564.0,128,102081
310,138,1304.0,128,102219
311,403,3352.0,256,102622
312,411,3836.0,256,103033
313,186,1580.0,128,103219
314,314,2404.0,256,103533
315,194,1348.0,128,103727
316,469,3168.0,256,104196
317,468,5376.0,512,104664
318,301,3052.0,256,104965
319,721,4348.0,256,105686
320,381,3360.0,256,106067
321,171,1356.0,128,106238
322,355,2792.0,256,106593
323,320,2464.0,256,106913
324,293,3476.0,256,107206
325,348,3220.0,256,107554
326,384,3512.0,256,107938
327,276,2600.0,256,108214
328,308,3216.0,256,108522
329,487,5188.0,512,109009
330,785,6608.0,512,109794
331,466,3764.0,256,110260
332,442,4596.0,512,110702
333,607,5484.0,512,111309
334,369,3260.0,256,111678
335,403,4684.0,512,112081
336,393,4992.0,512,112474
337,521,5704.0,512,112995
338,245,2436.0,256,113240
339,334,3360.0,256,113574
340,234,2388.0,256,113808
341,221,964.0,64,114029
342,296,3084.0,256,114325
343,249,2436.0,256,114574
344,514,5476.0,512,115088
345,459,5400.0,512,115547
346,428,4588.0,512,115975
347,335,2928.0,256,116310
348,346,3064.0,256,116656
349,490,5328.0,512,117146
350,197,2316.0,256,117343
351,410,2648.0,256,117753
352,244,2884.0,256,117997
353,403,3132.0,256,118400
354,253,2476.0,256,118653
355,321,3064.0,256,118974
356,320,2196.0,128,119294
357,358,2320.0,256,119652
358,159,1428.0,128,119811
359,494,5452.0,512,120305
360,312,2804.0,256,120617
361,343,2552.0,256,120960
362,406,2604.0,256,121366
363,303,2888.0,256,121669
364,296,2484.0,256,121965
365,420,2716.0,256,122385
366,652,5624.0,512,123037
367,158,868.0,64,123195
368,229,2484.0,256,123424
369,409,3168.0,256,123833
370,166,1168.0,128,123999
371,137,820.0,64,124136
372,214,2516.0,256,124350
373,192,1360.0,128,124542
374,283,3344.0,256,124825
375,456,4672.0,512,125281
376,228,1624.0,128,125509
377,207,2016.0,256,125716
378,408,4744.0,512,126124
379,318,3016.0,256,126442
380,457,6292.0,512,126899
381,107,764.0,64,127006
382,240,2288.0,256,127246
383,262,2628.0,256,127508
384,388,4472.0,512,127896
385,316,3080.0,256,128212
386,419,3364.0,256,128631
387,295,3144.0,256,128926
388,465,3052.0,256,129391
389,317,2396.0,128,129708
390,454,3176.0,256,130162
391,410,3056.0,256,130572
392,483,5420.0,512,131055
393,295,2252.0,256,131350
394,416,3132.0,256,131766
395,576,6432.0,512,132342
396,353,4968.0,512,132695
397,518,5120.0,512,133213
398,290,2884.0,256,133503
399,370,3040.0,256,133873
400,385,3148.0,256,134258
401,370,1640.0,128,134628
402,404,3576.0,256,135032
403,237,2420.0,256,135269
404,319,3132.0,256,135588
405,236,2464.0,256,135824
406,189,1324.0,128,136013
407,199,1244.0,128,136212
408,185,2116.0,256,136397
409,300,2932.0,256,136697
410,303,2308.0,256,137000
411,224,1324.0,128,137224
412,381,4924.0,512,137605
413,269,2640.0,256,137874
414,569,7048.0,512,138443
415,163,1292.0,128,138606
416,420,5328.0,512,139026
417,396,3092.0,256,139422
418,468,4408.0,512,139890
419,513,5468.0,512,140403
420,214,1512.0,128,140617
421,841,9016.0,512,141458
422,187,1484.0,128,141645
423,216,1964.0,128,141861
424,293,3076.0,256,142154
425,356,1944.0,128,142510
426,279,3088.0,256,142789
427,432,3436.0,256,143221
428,312,1996.0,128,143533
429,465,6036.0,512,143998
430,345,3368.0,256,144343
431,532,5580.0,512,144875
432,157,1312.0,128,145032
433,370,3392.0,256,145402
434,83,612.0,64,145485
435,346,3532.0,256,145831
436,187,1464.0,128,146018
437,305,2468.0,256,146323
438,334,3136.0,256,146657
439,307,3020.0,256,146964
440,594,5940.0,512,147558
441,605,6164.0,512,148163
442,452,5016.0,512,148615
443,421,5420.0,512,149036
444,342,2740.0,256,149378
445,623,6628.0,512,150001
446,254,1860.0,128,150255
447,339,3136.0,256,150594
448,565,5496.0,512,151159
449,302,2928.0,256,151461
450,359,4064.0,256,151820
451,333,3448.0,256,152153
452,281,3092.0,256,152434
453,242,1680.0,128,152676
454,278,3024.0,256,152954
455,616,7052.0,512,153570
456,181,1700.0,128,153751
457,239,1428.0,128,153990
458,207,2252.0,256,154197
459,187,1344.0,128,154384
460,278,3028.0,256,154662
461,258,1424.0,128,154920
462,295,3376.0,256,155215
463,342,3180.0,256,155557
464,146,732.0,64,155703
465,518,5336.0,512,156221
466,351,3028.0,256,156572
467,260,2068.0,256,156832
468,248,2304.0,256,157080
469,501,3136.0,256,157581
470,161,664.0,64,157742
471,256,3052.0,256,157998
472,582,6940.0,512,158580
473,195,1540.0,128,158775
474,273,3276.0,256,159048
475,266,2072.0,128,159314
476,452,5288.0,512,159766
477,265,3052.0,256,160031
478,581,6980.0,512,160612
479,258,3104.0,256,160870
480,342,2948.0,256,161212
481,601,7132.0,512,161813
482,181,1528.0,128,161994
483,198,624.0,64,162192
484,506,5532.0,512,162698
485,287,3080.0,256,162985
486,349,3368.0,256,163334
487,421,4928.0,512,163755
488,229,1320.0,128,163984
489,303,3380.0,256,164287
490,284,3000.0,256,164571
491,319,2484.0,256,164890
492,205,2396.0,256,165095
493,318,2720.0,256,165413
494,540,4964.0,512,165953
495,283,3180.0,256,166236
496,337,2432.0,256,166573
497,346,3472.0,256,166919
498,376,4032.0,256,167295
499,324,4032.0,256,167619
500,465,5576.0,512,168084
501,375,3480.0,256,168459
502,469,5256.0,512,168928
503,599,5444.0,512,169527
504,518,6936.0,512,170045
505,427,4664.0,512,170472
506,255,2364.0,256,170727
507,157,1312.0,128,170884
508,236,2076.0,128,171120
509,371,5108.0,512,171491
510,401,5316.0,512,171892
511,190,1320.0,128,172082
512,181,1388.0,128,172263
513,405,5280.0,512,172668
514,287,2940.0,256,172955
515,166,1548.0,128,173121
516,375,4148.0,256,173496
517,211,1568.0,128,173707
518,213,2352.0,256,173920
519,481,4976.0,256,174401
520,215,2428.0,256,174616
521,235,2472.0,256,174851
522,506,5664.0,512,175357
523,533,6372.0,512,175890
524,461,5440.0,512,176351
525,495,5448.0,512,176846
526,251,2416.0,256,177097
527,373,3700.0,256,177470
528,485,6336.0,512,177955
529,395,5096.0,512,178350
530,412,3208.0,256,178762
531,476,3372.0,256,179238
532,440,4532.0,256,179678
533,423,3956.0,256,180101
534,439,5384.0,512,180540
535,450,3804.0,256,180990
536,146,664.0,64,181136
537,462,5456.0,512,181598
538,322,3096.0,256,181920
539,324,3428.0,256,182244
540,354,2940.0,256,182598
541,327,3020.0,256,182925
542,190,1592.0,128,183115
543,486,5308.0,512,183601
544,272,2848.0,256,183873
545,484,6616.0,512,184357
546,344,3112.0,256,184701
547,148,712.0,64,184849
548,392,5208.0,512,185241
549,465,5464.0,512,185706
550,650,6944.0,512,186356
551,295,1540.0,128,186651
552,375,5056.0,512,187026
553,341,3408.0,256,187367
554,435,5540.0,512,187802
555,422,5348.0,512,188224
556,441,5288.0,512,188665
557,272,2820.0,256,188937
558,267,2568.0,256,189204
559,236,2144.0,128,189440
560,250,1640.0,128,189690
561,310,3068.0,256,190000
562,463,5328.0,512,190463
563,352,3064.0,256,190815
564,258,1668.0,128,191073
565,253,2304.0,256,191326
566,145,1392.0,128,191471
567,458,5136.0,512,191929
568,241,2808.0,256,192170
569,231,2564.0,256,192401
570,268,3144.0,256,192669
571,271,3208.0,256,192940
572,322,3040.0,256,193262
573,272,3024.0,256,193534
574,281,2752.0,256,193815
575,499,5432.0,512,194314
576,307,2676.0,256,194621
577,264,2604.0,256,194885
578,546,6804.0,512,195431
579,608,4568.0,256,196039
580,358,3336.0,256,196397
581,230,1640.0,128,196627
582,209,2380.0,256,196836
583,287,2628.0,256,197123
584,538,6380.0,512,197661
585,214,1604.0,128,197875
586,203,1776.0,128,198078
587,509,5236.0,512,198587
588,204,1540.0,128,198791
589,275,3028.0,256,199066
590,316,1580.0,128,199382
591,310,1628.0,128,199692
592,372,4872.0,512,200064
593,335,3080.0,256,200399
594,223,2460.0,256,200622
595,286,2356.0,256,200908
596,300,2812.0,256,201208
597,179,1468.0,128,201387
598,157,1572.0,128,201544
599,462,3192.0,256,202006
600,331,2964.0,256,202337
601,575,6884.0,512,202912
602,143,876.0,64,203055
603,253,2628.0,256,203308
604,250,2348.0,256,203558
605,395,3424.0,256,203953
606,314,3032.0,256,204267
607,732,10212.0,1024,204999
608,413,5168.0,512,205412
609,430,3292.0,256,205842
610,436,2684.0,256,206278
611,397,3392.0,256,206675
612,240,2364.0,128,206915
613,563,6384.0,512,207478
614,384,3164.0,256,207862
615,340,3104.0,256,208202
616,516,4692.0,512,208718
617,178,1164.0,128,208896
618,285,3216.0,256,209181
619,537,5292.0,512,209718
620,602,6888.0,512,210320
621,204,1324.0,128,210524
622,233,2548.0,256,210757
623,282,3436.0,256,211039
624,221,2468.0,256,211260
625,431,5380.0,512,211691
626,480,6116.0,512,212171
627,222,2436.0,256,212393
628,411,3396.0,256,212804
629,436,4660.0,512,213240
630,353,3044.0,256,213593
631,348,3108.0,256,213941
632,300,3048.0,256,214241
633,499,6496.0,512,214740
634,295,2540.0,256,215035
635,357,3212.0,256,215392
636,289,3028.0,256,215681
637,257,2672.0,256,215938
638,499,4176.0,256,216437
639,276,3084.0,256,216713
640,534,5464.0,512,217247
641,195,1304.0,128,217442
642,297,3112.0,256,217739
643,310,3260.0,256,218049
644,500,6800.0,512,218549
645,289,3136.0,256,218838
646,437,4368.0,512,219275
647,152,1412.0,128,219427
648,269,2632.0,256,219696
649,382,3184.0,256,220078
650,486,5616.0,512,220564
651,396,4604.0,512,220960
652,402,2960.0,256,221362
653,534,6516.0,512,221896
654,300,3036.0,256,222196
655,340,2912.0,256,222536
656,309,3140.0,256,222845
657,287,2996.0,256,223132
658,333,3324.0,256,223465
659,311,3148.0,256,223776
660,250,2716.0,256,224026
661,183,1432.0,128,224209
662,565,7016.0,512,224774
663,289,3124.0,256,225063
664,305,3072.0,256,225368
665,332,3764.0,256,225700
666,186,1804.0,128,225886
667,374,4868.0,512,226260
668,275,2088.0,128,226535
669,585,6544.0,512,227120
670,459,5732.0,512,227579
671,472,6360.0,512,228051
672,317,3060.0,256,228368
673,188,2100.0,256,228556
674,279,3136.0,256,228835
675,272,2772.0,256,229107
676,418,5296.0,512,229525
677,596,5580.0,512,230121
678,774,9312.0,512,230895
679,307,3080.0,256,231202
680,468,5584.0,512,231670
681,259,2564.0,256,231929
682,588,5728.0,512,232517
683,364,3180.0,256,232881
684,424,5324.0,512,233305
685,402,3372.0,256,233707
686,424,5832.0,512,234131
687,493,5324.0,512,234624
688,319,3092.0,256,234943
689,359,3756.0,256,235302
690,561,6952.0,512,235863
691,276,2684.0,256,236139
692,671,6900.0,512,236810
693,349,3200.0,256,237159
694,458,6264.0,512,237617
695,295,2812.0,256,237912
696,220,2596.0,256,238132
697,244,2588.0,256,238376
698,328,2860.0,256,238704
699,305,3372.0,256,239009
700,290,3104.0,256,239299
701,340,3464.0,256,239639
702,368,4040.0,256,240007
703,360,3100.0,256,240367
704,279,1832.0,128,240646
705,422,5340.0,512,241068
706,466,5188.0,512,241534
707,194,1480.0,128,241728
708,332,3388.0,256,242060
709,515,4876.0,512,242575
710,520,5360.0,512,243095
711,378,3440.0,256,243473
712,388,2448.0,256,243861
713,287,3148.0,256,244148
714,243,2896.0,256,244391
715,583,5212.0,512,244974
716,288,3148.0,256,245262
717,505,4872.0,512,245767
718,272,3180.0,256,246039
719,229,2360.0,256,246268
720,778,6992.0,512,247046
721,267,2568.0,256,247313
722,1016,12204.0,1024,248329
723,410,5320.0,512,248739
724,255,2884.0,256,248994
725,281,3072.0,256,249275
726,163,1620.0,128,249438
727,270,3092.0,256,249708
728,294,3384.0,256,250002
729,347,4800.0,512,250349
730,267,2796.0,256,250616
731,153,1436.0,128,250769
732,460,6380.0,512,251229
733,414,5036.0,512,251643
734,133,1192.0,128,251776
735,225,2488.0,256,252001
736,574,6868.0,512,252575
737,450,6208.0,512,253025
738,332,2916.0,256,253357
739,646,7076.0,512,254003
740,245,1372.0,128,254248
741,589,7124.0,512,254837
742,200,2120.0,128,255037
743,451,5000.0,512,255488
744,238,1596.0,128,255726
745,301,3084.0,256,256027
746,528,5332.0,512,256555
747,389,3360.0,256,256944
748,434,3192.0,256,257378
749,124,1020.0,128,257502
750,328,2136.0,128,257830
751,360,3252.0,256,258190
752,485,6220.0,512,258675
753,543,6860.0,512,259218
754,485,4500.0,512,259703
755,461,4736.0,512,260164
756,563,4584.0,512,260727
757,354,2944.0,256,261081
758,471,4984.0,512,261552
759,674,6316.0,512,262226
760,493,5380.0,512,262719
761,405,5148.0,512,263124
762,162,1496.0,128,263286
763,703,10540.0,1024,263989
764,139,1364.0,128,264128
765,432,3376.0,256,264560
766,344,3040.0,256,264904
767,592,8660.0,512,265496
768,455,5340.0,512,265951
769,273,3028.0,256,266224
770,204,580.0,64,266428
771,244,2428.0,256,266672
772,454,6388.0,512,267126
773,554,6712.0,512,267680
774,201,1684.0,128,267881
775,343,3036.0,256,268224
776,277,2328.0,256,268501
777,232,1724.0,128,268733
778,315,2824.0,256,269048
779,530,7100.0,512,269578
780,269,2920.0,256,269847
781,575,5244.0,512,270422
782,85,608.0,64,270507
783,506,5596.0,512,271013
784,274,2836.0,256,271287
785,197,1516.0,128,271484
786,338,3220.0,256,271822
787,250,1316.0,128,272072
788,403,5344.0,512,272475
789,222,2328.0,256,272697
790,528,6776.0,512,273225
791,396,3684.0,256,273621
792,439,5492.0,512,274060
793,383,3376.0,256,274443
794,308,3020.0,256,274751
795,674,6320.0,512,275425
796,273,3104.0,256,275698
797,262,3064.0,256,275960
798,265,3020.0,256,276225
799,541,6992.0,512,276766
800,333,3732.0,256,277099
801,265,2676.0,256,277364
802,168,1396.0,128,277532
803,309,3384.0,256,277841
804,286,2384.0,256,278127
805,342,4540.0,512,278469
806,269,2572.0,256,278738
807,285,2936.0,256,279023
808,478,6120.0,512,279501
809,191,2260.0,256,279692
810,151,1544.0,128,279843
811,657,5732.0,512,280500
812,317,2188.0,256,280817
813,158,1392.0,128,280975
814,372,4716.0,512,281347
815,258,2588.0,256,281605
816,386,4904.0,512,281991
817,303,3248.0,256,282294
818,264,3096.0,256,282558
819,400,5576.0,512,282958
820,208,2344.0,256,283166
821,342,3124.0,256,283508
822,432,5344.0,512,283940
823,414,4884.0,256,284354
824,282,3224.0,256,284636
825,270,3128.0,256,284906
826,392,2944.0,256,285298
827,174,1616.0,128,285472
828,200,2088.0,128,285672
829,359,4460.0,256,286031
830,407,3044.0,256,286438
831,227,2768.0,256,286665
832,289,2916.0,256,286954
833,267,2928.0,256,287221
834,419,4976.0,512,287640
835,440,4972.0,512,288080
836,379,3124.0,256,288459
837,471,5388.0,512,288930
838,165,1052.0,128,289095
839,306,3188.0,256,289401
840,342,3244.0,256,289743
841,599,5580.0,512,290342
842,481,3588.0,256,290823
843,363,5076.0,512,291186
844,1002,5628.0,512,292188
845,208,1604.0,128,292396
846,316,3324.0,256,292712
847,311,3164.0,256,293023
848,215,1600.0,128,293238
849,471,3736.0,256,293709
850,678,5124.0,512,294387
851,478,6004.0,512,294865
852,476,5444.0,512,295341
853,441,5632.0,512,295782
854,560,5772.0,512,296342
855,466,6392.0,512,296808
856,393,5288.0,512,297201
857,510,6372.0,512,297711
858,391,2816.0,256,298102
859,798,10080.0,1024,298900
860,403,3508.0,256,299303
861,295,3040.0,256,299598
862,436,5196.0,512,300034
863,341,3352.0,256,300375
864,414,5268.0,512,300789
865,495,5624.0,512,301284
866,309,3124.0,256,301593
867,215,1516.0,128,301808
868,644,7048.0,512,302452
869,318,3044.0,256,302770
870,351,3084.0,256,303121
871,536,5304.0,512,303657
872,446,5320.0,512,304103
873,413,5340.0,512,304516
874,226,1636.0,128,304742
875,581,5696.0,512,305323
876,622,7180.0,512,305945
877,288,3096.0,256,306233
878,421,5408.0,512,306654
879,368,3332.0,256,307022
880,341,3416.0,256,307363
881,648,6900.0,512,308011
882,477,5488.0,512,308488
883,275,1600.0,128,308763
884,421,5208.0,512,309184
885,131,1064.0,128,309315
886,480,5504.0,512,309795
887,244,2632.0,256,310039
888,389,5184.0,512,310428
889,283,3208.0,256,310711
890,325,2860.0,256,311036
891,467,3252.0,256,311503
892,147,1276.0,128,311650
893,624,6796.0,512,312274
894,252,2416.0,128,312526
895,411,5360.0,512,312937
896,592,6956.0,512,313529
897,415,5280.0,512,313944
898,364,3456.0,256,314308
899,601,4768.0,512,314909
900,359,2908.0,256,315268
901,133,1304.0,128,315401
902,231,2324.0,256,315632
903,284,3096.0,256,315916
904,374,4856.0,512,316290
905,388,2580.0,256,316678
906,540,7080.0,512,317218
907,303,3228.0,256,317521
908,302,2772.0,256,317823
909,429,4808.0,256,318252
910,355,3040.0,256,318607
911,312,2100.0,128,318919
912,403,4708.0,512,319322
913,415,6040.0,512,319737
914,582,7748.0,512,320319
915,439,5012.0,512,320758
916,318,4576.0,512,321076
917,149,1296.0,128,321225
918,353,1728.0,128,321578
919,249,2612.0,256,321827
920,555,6396.0,512,322382
921,362,4996.0,512,322744
922,509,2660.0,256,323253
923,295,1380.0,128,323548
924,353,2572.0,256,323901
925,443,5360.0,512,324344
926,325,3548.0,256,324669
927,866,12008.0,1024,325535
928,168,1444.0,128,325703
929,533,6628.0,512,326236
930,314,3184.0,256,326550
931,488,6356.0,512,327038
932,290,3376.0,256,327328
933,166,1564.0,128,327494
934,396,5416.0,512,327890
935,279,3160.0,256,328169
936,291,2868.0,256,328460
937,928,9856.0,1024,329388
938,638,6352.0,512,330026
939,269,3056.0,256,330295
940,337,3348.0,256,330632
941,703,6424.0,512,331335
942,312,3048.0,256,331647
943,200,1784.0,128,331847
944,689,6404.0,512,332536
945,172,1608.0,128,332708
946,431,4992.0,512,333139
947,265,2976.0,256,333404
948,372,4680.0,512,333776
949,168,1664.0,128,333944
950,306,4388.0,512,334250
951,306,3092.0,256,334556
952,257,3072.0,256,334813
953,344,3200.0,256,335157
954,475,5816.0,512,335632
955,382,3076.0,256,336014
956,508,5396.0,512,336522
957,366,4588.0,512,336888
958,555,6432.0,512,337443
959,289,3200.0,256,337732
960,119,1072.0,128,337851
961,437,5364.0,512,338288
962,290,3060.0,256,338578
963,264,3108.0,256,338842
964,154,1520.0,128,338996
965,190,2076.0,256,339186
966,562,6204.0,512,339748
967,472,5304.0,512,340220
968,336,3480.0,256,340556
969,403,4888.0,512,340959
970,420,4864.0,512,341379
971,215,2136.0,256,341594
972,286,3328.0,256,341880
973,418,5560.0,512,342298
974,304,2616.0,256,342602
975,665,5664.0,512,343267
976,228,1492.0,128,343495
977,561,6356.0,512,344056
978,386,5332.0,512,344442
979,297,3136.0,256,344739
980,360,3124.0,256,345099
981,137,1312.0,128,345236
982,494,5036.0,512,345730
983,431,5304.0,512,346161
984,534,6304.0,512,346695
985,322,3136.0,256,347017
986,639,6896.0,512,347656
987,280,3488.0,256,347936
988,337,4240.0,512,348273
989,287,3072.0,256,348560
990,358,3396.0,256,348918
991,385,5396.0,512,349303
992,293,2448.0,256,349596
993,509,6044.0,512,350105
994,287,3120.0,256,350392
995,514,6728.0,512,350906
996,273,3236.0,256,351179
997,167,1464.0,128,351346
998,247,2944.0,256,351593
999,281,3404.0,256,351874
1000,305,3176.0,256,352179
1001,375,4852.0,512,352554
1002,221,2332.0,256,352775
1003,542,6436.0,512,353317
1004,357,3172.0,256,353674
1005,151,1340.0,128,353825
1006,485,4796.0,256,354310
1007,475,4944.0,512,354785
1008,442,6056.0,512,355227
1009,320,2832.0,256,355547
1010,502,3432.0,256,356049
1011,586,6100.0,512,356635
1012,497,5488.0,512,357132
1013,478,6288.0,512,357610
1014,559,5060.0,512,358169
1015,667,5460.0,512,358836
1016,832,7760.0,512,359668
1017,269,2104.0,128,359937
1018,554,7084.0,512,360491
1019,496,3380.0,256,360987
1020,493,5392.0,512,361480
1021,420,5372.0,512,361900
1022,249,2968.0,256,362149
1023,520,6216.0,512,362669
1024,253,2620.0,256,362922
1025,153,1468.0,128,363075
1026,593,6384.0,512,363668
1027,325,3376.0,256,363993
1028,328,3232.0,256,364321
1029,445,5428.0,512,364766
1030,430,4924.0,512,365196
1031,255,2828.0,256,365451
1032,357,2640.0,256,365808
1033,341,3060.0,256,366149
1034,162,1484.0,128,366311
1035,230,1488.0,128,366541
1036,444,5444.0,512,366985
1037,345,3448.0,256,367330
1038,478,6028.0,512,367808
1039,527,6400.0,512,368335
1040,189,2000.0,256,368524
1041,378,5360.0,512,368902
1042,308,3108.0,256,369210
1043,176,1776.0,128,369386
1044,337,1604.0,128,369723
1045,447,4912.0,512,370170
1046,408,5300.0,512,370578
1047,253,2464.0,256,370831
1048,469,6308.0,512,371300
1049,410,4576.0,256,371710
1050,377,3484.0,256,372087
1051,141,1332.0,128,372228
1052,348,4584.0,512,372576
1053,314,3132.0,256,372890
1054,375,4928.0,512,373265
1055,410,3196.0,256,373675
1056,508,6300.0,512,374183
1057,115,716.0,64,374298
1058,296,3060.0,256,374594
1059,148,1316.0,128,374742
1060,390,5280.0,512,375132
1061,383,5272.0,512,375515
1062,418,5320.0,512,375933
1063,474,4788.0,256,376407
1064,513,6948.0,512,376920
1065,310,3112.0,256,377230
1066,109,716.0,64,377339
1067,384,3080.0,256,377723
1068,301,2936.0,256,378024
1069,673,6992.0,512,378697
1070,518,5680.0,512,379215
1071,199,1356.0,128,379414
1072,310,2968.0,256,379724
1073,338,3336.0,256,380062
1074,318,2344.0,256,380380
1075,456,5448.0,512,380836
1076,577,6008.0,512,381413
1077,409,5480.0,512,381822
1078,620,6888.0,512,382442
1079,597,6256.0,512,383039
1080,371,3332.0,256,383410
1081,821,11100.0,1024,384231
1082,275,3192.0,256,384506
1083,206,1376.0,128,384712
1084,406,5392.0,512,385118
1085,338,3612.0,256,385456
1086,378,3316.0,256,385834
1087,173,1560.0,128,386007
1088,176,1380.0,128,386183
1089,366,3096.0,256,386549
1090,407,5188.0,512,386956
1091,467,4140.0,256,387423
1092,401,3372.0,256,387824
1093,320,3756.0,256,388144
1094,185,1704.0,128,388329
1095,511,6300.0,512,388840
1096,332,3092.0,256,389172
1097,365,3128.0,256,389537
1098,301,2644.0,256,389838
1099,471,6252.0,512,390309
1100,401,5112.0,512,390710
1101,480,4308.0,256,391190
1102,498,5508.0,512,391688
1103,193,1884.0,128,391881
1104,648,6960.0,512,392529
1105,229,1328.0,128,392758
1106,216,2044.0,128,392974
1107,210,1552.0,128,393184
1108,303,3100.0,256,393487
1109,199,2316.0,256,393686
1110,647,5428.0,512,394333
1111,975,7220.0,512,395308
1112,219,2404.0,256,395527
1113,346,3728.0,256,395873
1114,699,7044.0,512,396572
1115,466,5656.0,512,397038
1116,579,7120.0,512,397617
1117,169,1372.0,128,397786
1118,335,2468.0,256,398121
1119,326,3808.0,256,398447
1120,287,2344.0,256,398734
1121,644,7704.0,512,399378
1122,534,6580.0,512,399912
1123,715,7352.0,512,400627
1124,360,3124.0,256,400987
1125,182,1836.0,128,401169
1126,307,3060.0,256,401476
1127,296,3092.0,256,401772
1128,342,3760.0,256,402114
1129,320,2324.0,256,402434
1130,305,3468.0,256,402739
1131,284,3132.0,256,403023
1132,664,7064.0,512,403687
1133,237,2776.0,256,403924
1134,300,3084.0,256,404224
1135,345,5052.0,512,404569
1136,153,1184.0,128,404722
1137,609,5424.0,512,405331
1138,762,7364.0,512,406093
1139,448,4164.0,256,406541
1140,309,3120.0,256,406850
1141,551,5252.0,256,407401
1142,455,5068.0,512,407856
1143,462,5280.0,512,408318
1144,277,3092.0,256,408595
1145,280,3028.0,256,408875
1146,283,1992.0,128,409158
1147,436,5560.0,256,409594
1148,349,4072.0,256,409943
1149,455,4816.0,256,410398
1150,662,7188.0,512,411060
1151,242,2276.0,256,411302
1152,192,1680.0,128,411494
1153,287,3064.0,256,411781
1154,346,3304.0,256,412127
1155,443,5508.0,512,412570
1156,489,6364.0,512,413059
1157,424,3468.0,256,413483
1158,479,6364.0,512,413962
1159,592,7384.0,512,414554
1160,352,3092.0,256,414906
1161,584,7136.0,512,415490
1162,454,5924.0,512,415944
1163,196,1772.0,128,416140
1164,538,6740.0,512,416678
1165,261,2872.0,256,416939
1166,540,5700.0,512,417479
1167,508,7028.0,512,417987
1168,163,1444.0,128,418150
1169,418,5324.0,512,418568
1170,468,5364.0,512,419036
1171,510,5452.0,512,419546
1172,251,3064.0,256,419797
1173,496,6260.0,512,420293
1174,320,3516.0,256,420613
1175,285,3204.0,256,420898
1176,321,3052.0,256,421219
1177,495,3984.0,256,421714
1178,673,6360.0,512,422387
1179,281,3016.0,256,422668
1180,335,3496.0,256,423003
1181,673,5360.0,512,423676
1182,235,2520.0,256,423911
1183,200,1644.0,128,424111
1184,826,7372.0,512,424937
1185,468,6564.0,512,425405
1186,288,3124.0,256,425693
1187,345,3388.0,256,426038
1188,128,1076.0,128,426166
1189,569,7064.0,512,426735
1190,632,6932.0,512,427367
1191,307,3208.0,256,427674
1192,308,2932.0,256,427982
1193,343,3092.0,256,428325
1194,286,2400.0,256,428611
1195,473,5364.0,512,429084
1196,701,6304.0,512,429785
1197,273,3060.0,256,430058
1198,240,1912.0,128,430298
1199,617,5212.0,512,430915
1200,320,2996.0,256,431235
1201,607,7080.0,512,431842
1202,441,5692.0,512,432283
1203,162,1280.0,128,432445
1204,150,1484.0,128,432595
1205,365,3708.0,256,432960
1206,371,3196.0,256,433331
1207,475,5344.0,512,433806
1208,337,3444.0,256,434143
1209,487,5308.0,512,434630
1210,434,5500.0,512,435064
1211,572,6480.0,512,435636
1212,585,6736.0,512,436221
1213,392,5040.0,512,436613
1214,325,3172.0,256,436938
1215,424,3024.0,256,437362
1216,786,7488.0,512,438148
1217,295,3000.0,256,438443
1218,330,3144.0,256,438773
1219,418,3248.0,256,439191
1220,573,6084.0,512,439764
1221,483,6792.0,512,440247
1222,380,5024.0,512,440627
1223,412,5408.0,512,441039
1224,420,5580.0,512,441459
1225,206,1336.0,128,441665
1226,1019,9308.0,512,442684
1227,198,1440.0,128,442882
1228,565,7100.0,512,443447
1229,524,6832.0,512,443971
1230,189,2284.0,256,444160
1231,407,5348.0,512,444567
1232,170,1348.0,128,444737
1233,349,3172.0,256,445086
1234,312,4032.0,256,445398
1235,598,6388.0,512,445996
1236,213,2428.0,256,446209
1237,224,2532.0,256,446433
1238,481,5320.0,512,446914
1239,256,2932.0,256,447170
1240,507,5900.0,512,447677
1241,701,7108.0,512,448378
1242,261,2908.0,256,448639
1243,576,6800.0,512,449215
1244,321,3308.0,256,449536
1245,246,2980.0,256,449782
1246,246,2072.0,128,450028
1247,446,5428.0,512,450474
1248,198,1580.0,128,450672
1249,720,10516.0,1024,451392
1250,270,3112.0,256,451662
1251,387,5392.0,512,452049
1252,114,676.0,64,452163
1253,317,2648.0,256,452480
1254,377,3360.0,256,452857
1255,495,6388.0,512,453352
1256,542,6464.0,512,453894
1257,624,3752.0,256,454518
1258,367,3084.0,256,454885
1259,406,5320.0,512,455291
1260,611,7044.0,512,455902
1261,566,5824.0,512,456468
1262,282,3164.0,256,456750
1263,544,6712.0,512,457294
1264,932,8732.0,512,458226
1265,735,7124.0,512,458961
1266,566,6936.0,512,459527
1267,244,1808.0,128,459771
1268,608,6196.0,512,460379
1269,171,1336.0,128,460550
1270,308,3168.0,256,460858
1271,200,1648.0,128,461058
1272,463,6424.0,512,461521
1273,297,3332.0,256,461818
1274,419,5344.0,512,462237
1275,508,6484.0,512,462745
1276,315,3172.0,256,463060
1277,321,3624.0,256,463381
1278,265,2880.0,256,463646
1279,449,5044.0,512,464095
1280,246,2752.0,256,464341
1281,498,6076.0,512,464839
1282,470,6724.0,512,465309
1283,521,7128.0,512,465830
1284,548,6136.0,512,466378
1285,399,4732.0,512,466777
1286,392,3664.0,256,467169
1287,316,2468.0,256,467485
1288,304,3140.0,256,467789
1289,326,3368.0,256,468115
1290,561,7440.0,512,468676
1291,397,5056.0,512,469073
1292,545,4984.0,512,469618
1293,440,5992.0,512,470058
1294,282,3052.0,256,470340
1295,277,3168.0,256,470617
1296,357,2692.0,256,470974
1297,638,9056.0,512,471612
1298,292,3360.0,256,471904
1299,359,3816.0,256,472263
1300,369,3828.0,256,472632
1301,210,2192.0,256,472842
1302,156,1448.0,128,472998
1303,387,3804.0,256,473385
1304,156,1428.0,128,473541
1305,336,2892.0,256,473877
1306,424,3780.0,256,474301
1307,523,6684.0,512,474824
1308,240,2624.0,256,475064
1309,315,3132.0,256,475379
1310,393,5568.0,512,475772
1311,517,4676.0,256,476289
1312,274,3088.0,256,476563
1313,501,5592.0,512,477064
1314,506,6268.0,512,477570
1315,271,3032.0,256,477841
1316,270,3056.0,256,478111
1317,500,6092.0,512,478611
1318,411,5292.0,512,479022
1319,560,7044.0,512,479582
1320,343,3424.0,256,479925
1321,430,5596.0,512,480355
1322,407,5436.0,512,480762
1323,416,5308.0,512,481178
1324,570,7236.0,512,481748
1325,497,4920.0,512,482245
1326,577,7152.0,512,482822
1327,327,3416.0,256,483149
1328,338,2908.0,256,483487
1329,225,1312.0,128,483712
1330,266,2448.0,256,483978
1331,284,3432.0,256,484262
1332,331,3824.0,256,484593
1333,382,4736.0,256,484975
1334,375,3324.0,256,485350
1335,502,6204.0,512,485852
1336,624,7320.0,512,486476
1337,455,5464.0,512,486931
1338,330,3088.0,256,487261
1339,301,3060.0,256,487562
1340,471,5344.0,512,488033
1341,332,3960.0,256,488365
1342,490,6124.0,512,488855
1343,599,7024.0,512,489454
1344,453,5296.0,512,489907
1345,189,1632.0,128,490096
1346,552,7080.0,512,490648
1347,457,6288.0,512,491105
1348,158,1324.0,128,491263
1349,285,3168.0,256,491548
1350,179,1632.0,128,491727
1351,545,7048.0,512,492272
1352,371,3348.0,256,492643
1353,151,1348.0,128,492794
1354,174,1500.0,128,492968
1355,317,3420.0,256,493285
1356,449,6332.0,512,493734
1357,220,2496.0,256,493954
1358,576,7072.0,512,494530
1359,151,1332.0,128,494681
1360,309,3152.0,256,494990
1361,262,2664.0,256,495252
1362,653,7072.0,512,495905
1363,355,3432.0,256,496260
1364,427,5188.0,512,496687
1365,211,1452.0,128,496898
1366,338,3100.0,256,497236
1367,256,3024.0,256,497492
1368,406,5268.0,512,497898
1369,519,7100.0,512,498417
1370,166,1552.0,128,498583
1371,295,3176.0,256,498878
1372,598,5628.0,512,499476
1373,336,3520.0,256,499812
1374,524,6212.0,512,500336
1375,286,3052.0,256,500622
1376,162,1544.0,128,500784
1377,289,3160.0,256,501073
1378,175,1060.0,128,501248
1379,314,4312.0,512,501562
1380,335,4912.0,512,501897
1381,390,3176.0,256,502287
1382,292,3164.0,256,502579
1383,449,3592.0,256,503028
1384,318,3256.0,256,503346
1385,443,5420.0,512,503789
1386,373,4060.0,256,504162
1387,983,10572.0,1024,505145
1388,255,2488.0,256,505400
1389,397,3872.0,256,505797
1390,370,4564.0,512,506167
1391,114,872.0,64,506281
1392,365,3816.0,256,506646
1393,303,3788.0,256,506949
1394,337,3628.0,256,507286
1395,327,2600.0,256,507613
1396,432,3248.0,256,508045
1397,421,6056.0,512,508466
1398,363,5276.0,512,508829
1399,274,3036.0,256,509103
1400,156,1352.0,128,509259
1401,714,6872.0,512,509973
1402,520,6512.0,512,510493
1403,830,10372.0,1024,511323
1404,438,5936.0,512,511761
1405,405,3792.0,256,512166
1406,415,5624.0,512,512581
1407,710,8124.0,512,513291
1408,271,3096.0,256,513562
1409,534,4816.0,256,514096
1410,379,4876.0,512,514475
1411,389,3088.0,256,514864
1412,566,5200.0,512,515430
1413,553,5256.0,512,515983
1414,262,3092.0,256,516245
1415,677,10524.0,1024,516922
1416,198,1768.0,128,517120
1417,583,5404.0,512,517703
1418,195,1772.0,128,517898
1419,709,6172.0,512,518607
1420,168,1416.0,128,518775
1421,484,6948.0,512,519259
1422,211,1488.0,128,519470
1423,576,7016.0,512,520046
1424,502,6564.0,512,520548
1425,658,6804.0,512,521206
1426,220,2324.0,256,521426
1427,401,4752.0,256,521827
1428,342,4136.0,256,522169
1429,363,3332.0,256,522532
1430,302,3904.0,256,522834
1431,222,1476.0,128,523056
1432,447,5956.0,512,523503
1433,254,2568.0,256,523757
1434,329,3080.0,256,524086
1435,348,3336.0,256,524434
1436,356,2548.0,256,524790
1437,636,7136.0,512,525426
1438,296,3648.0,256,525722
1439,462,6396.0,512,526184
1440,559,8560.0,512,526743
1441,420,3152.0,256,527163
1442,921,12180.0,1024,528084
1443,316,2336.0,256,528400
1444,538,5708.0,512,528938
1445,257,2824.0,256,529195
1446,624,7704.0,512,529819
1447,372,3120.0,256,530191
1448,377,3376.0,256,530568
1449,382,5276.0,512,530950
1450,706,7820.0,512,531656
1451,504,4664.0,512,532160
1452,361,5052.0,512,532521
1453,404,5428.0,512,532925
1454,526,6772.0,512,533451
1455,578,7120.0,512,534029
1456,281,3216.0,256,534310
1457,231,2732.0,256,534541
1458,287,3380.0,256,534828
1459,648,7108.0,512,535476
1460,555,7024.0,512,536031
1461,407,3240.0,256,536438
1462,386,5328.0,512,536824
1463,157,1392.0,128,536981
1464,439,5748.0,512,537420
1465,560,5732.0,512,537980
1466,182,1584.0,128,538162
1467,381,3884.0,256,538543
1468,548,5804.0,512,539091
1469,568,7024.0,512,539659
1470,175,1376.0,128,539834
1471,556,7280.0,512,540390
1472,564,6792.0,512,540954
1473,266,1336.0,128,541220
1474,650,9692.0,1024,541870
1475,479,6184.0,512,542349
1476,493,6280.0,512,542842
1477,434,6056.0,512,543276
1478,302,3128.0,256,543578
1479,388,3016.0,256,543966
1480,267,3124.0,256,544233
1481,317,3284.0,256,544550
1482,423,5532.0,512,544973
1483,385,5156.0,512,545358
1484,410,5376.0,512,545768
1485,383,4652.0,512,546151
1486,617,6508.0,512,546768
1487,631,7236.0,512,547399
1488,312,3032.0,256,547711
1489,321,3244.0,256,548032
1490,241,2420.0,256,548273
1491,380,5368.0,512,548653
1492,464,6288.0,512,549117
1493,316,4544.0,512,549433
1494,271,3168.0,256,549704
1495,252,2960.0,256,549956
1496,432,5624.0,512,550388
1497,456,5436.0,512,550844
1498,281,3084.0,256,551125
1499,442,5344.0,512,551567
1500,265,2944.0,256,551832
1501,454,5788.0,512,552286
1502,337,3884.0,256,552623
1503,144,1400.0,128,552767
1504,155,1456.0,128,552922
1505,431,3244.0,256,553353
1506,199,1356.0,128,553552
1507,189,760.0,64,553741
1508,289,3148.0,256,554030
1509,273,3036.0,256,554303
1510,348,3188.0,256,554651
1511,323,3188.0,256,554974
1512,452,4676.0,512,555426
1513,481,6356.0,512,555907
1514,353,3820.0,256,556260
1515,504,5128.0,512,556764
1516,354,4044.0,256,557118
1517,623,10504.0,1024,557741
1518,312,3352.0,256,558053
1519,519,6352.0,512,558572
1520,774,12048.0,1024,559346
1521,333,3276.0,256,559679
1522,172,1372.0,128,559851
1523,688,6964.0,512,560539
1524,693,7160.0,512,561232
1525,443,5916.0,512,561675
1526,200,2080.0,128,561875
1527,151,1396.0,128,562026
1528,603,6996.0,512,562629
1529,602,6836.0,512,563231
1530,510,7104.0,512,563741
1531,442,6388.0,512,564183
1532,327,3088.0,256,564510
1533,381,3600.0,256,564891
1534,294,3048.0,256,565185
1535,311,3632.0,256,565496
1536,341,3056.0,256,565837
1537,628,6336.0,512,566465
1538,285,3120.0,256,566750
1539,679,6656.0,512,567429
1540,594,7044.0,512,568023
1541,452,6112.0,512,568475
1542,483,6712.0,512,568958
1543,162,1420.0,128,569120
1544,337,3276.0,256,569457
1545,521,7280.0,512,569978
1546,500,6704.0,512,570478
1547,588,4800.0,256,571066
1548,172,1572.0,128,571238
1549,297,3180.0,256,571535
1550,435,3064.0,256,571970
1551,327,3408.0,256,572297
1552,523,6412.0,512,572820
1553,252,3040.0,256,573072
1554,295,3196.0,256,573367
1555,379,5008.0,512,573746
1556,664,5728.0,512,574410
1557,357,3104.0,256,574767
1558,409,5520.0,512,575176
1559,564,6932.0,512,575740
1560,586,7812.0,512,576326
1561,247,1184.0,128,576573
1562,271,3180.0,256,576844
1563,247,3056.0,256,577091
1564,612,7184.0,512,577703
1565,367,3132.0,256,578070
1566,340,3104.0,256,578410
1567,526,5088.0,512,578936
1568,555,5532.0,512,579491
1569,318,3188.0,256,579809
1570,490,3704.0,256,580299
1571,461,6316.0,512,580760
1572,636,8208.0,512,581396
1573,429,5400.0,512,581825
1574,345,3312.0,256,582170
1575,306,3380.0,256,582476
1576,327,3184.0,256,582803
1577,483,6292.0,512,583286
1578,616,7288.0,512,583902
1579,250,2740.0,256,584152
1580,413,5360.0,512,584565
1581,290,3136.0,256,584855
1582,570,6716.0,512,585425
1583,221,1480.0,128,585646
1584,431,5576.0,512,586077
1585,938,7604.0,512,587015
1586,195,1456.0,128,587210
1587,557,6772.0,512,587767
1588,575,7084.0,512,588342
1589,329,3508.0,256,588671
1590,336,3448.0,256,589007
1591,284,3320.0,256,589291
1592,403,6012.0,512,589694
1593,254,3068.0,256,589948
1594,290,3144.0,256,590238
1595,443,5092.0,256,590681
1596,460,6368.0,512,591141
1597,526,6688.0,512,591667
1598,689,9396.0,512,592356
1599,538,6856.0,512,592894
1600,269,3060.0,256,593163
1601,338,3500.0,256,593501
1602,660,7008.0,512,594161
1603,411,3824.0,256,594572
1604,577,7192.0,512,595149
1605,175,884.0,64,595324
1606,406,5140.0,512,595730
1607,405,4524.0,256,596135
1608,321,4068.0,256,596456
1609,390,1608.0,128,596846
1610,170,1292.0,128,597016
1611,269,3152.0,256,597285
1612,552,5436.0,512,597837
1613,442,6152.0,512,598279
1614,492,4812.0,256,598771
1615,468,5756.0,512,599239
1616,600,5832.0,512,599839
1617,521,6732.0,512,600360
1618,344,3144.0,256,600704
1619,359,4460.0,512,601063
1620,556,7024.0,512,601619
1621,252,2980.0,256,601871
1622,415,5628.0,512,602286
1623,224,2544.0,256,602510
1624,365,5008.0,512,602875
1625,455,5112.0,512,603330
1626,645,10492.0,1024,603975
1627,483,6076.0,512,604458
1628,308,3660.0,256,604766
1629,504,3996.0,256,605270
1630,341,3320.0,256,605611
1631,443,5692.0,512,606054
1632,415,5628.0,512,606469
1633,531,6960.0,512,607000
1634,417,4340.0,256,607417
1635,194,1500.0,128,607611
1636,466,6304.0,512,608077
1637,445,5468.0,512,608522
1638,498,6872.0,512,609020
1639,400,5492.0,512,609420
1640,286,2696.0,256,609706
1641,165,1492.0,128,609871
1642,278,1372.0,128,610149
1643,192,1644.0,128,610341
1644,448,6300.0,512,610789
1645,480,4584.0,256,611269
1646,517,6408.0,512,611786
1647,188,1384.0,128,611974
1648,145,1316.0,128,612119
1649,511,6508.0,512,612630
1650,441,5820.0,512,613071
1651,270,2888.0,256,613341
1652,837,10544.0,1024,614178
1653,671,8656.0,512,614849
1654,1033,11704.0,1024,615882
1655,580,6100.0,512,616462
1656,651,6944.0,512,617113
1657,471,6124.0,512,617584
1658,328,1852.0,128,617912
1659,195,2024.0,128,618107
1660,881,7984.0,512,618988
1661,466,6344.0,512,619454
1662,415,3112.0,256,619869
1663,162,1452.0,128,620031
1664,309,3392.0,256,620340
1665,398,5016.0,512,620738
1666,397,5144.0,512,621135
1667,283,2532.0,256,621418
1668,256,2980.0,256,621674
1669,367,3516.0,256,622041
1670,653,6448.0,512,622694
1671,356,3140.0,256,623050
1672,320,3048.0,256,623370
1673,458,6324.0,512,623828
1674,508,6748.0,512,624336
1675,330,3176.0,256,624666
1676,362,4580.0,512,625028
1677,390,4800.0,256,625418
1678,443,5208.0,512,625861
1679,256,3072.0,256,626117
1680,456,4400.0,256,626573
1681,281,3024.0,256,626854
1682,292,3072.0,256,627146
1683,691,10484.0,1024,627837
1684,300,3256.0,256,628137
1685,555,4900.0,256,628692
1686,594,7116.0,512,629286
1687,479,5376.0,512,629765
1688,371,5136.0,512,630136
1689,402,5412.0,512,630538
1690,363,3820.0,256,630901
1691,368,3344.0,256,631269
1692,202,2284.0,256,631471
1693,579,6096.0,512,632050
1694,367,2076.0,128,632417
1695,558,5440.0,512,632975
1696,550,6556.0,512,633525
1697,519,6500.0,512,634044
1698,259,3056.0,256,634303
1699,358,3032.0,256,634661
1700,339,3100.0,256,635000
1701,454,5524.0,512,635454
1702,528,6412.0,512,635982
1703,564,7468.0,512,636546
1704,242,2212.0,128,636788
1705,567,6492.0,512,637355
1706,341,3724.0,256,637696
1707,498,7136.0,512,638194
1708,301,3384.0,256,638495
1709,517,7040.0,512,639012
1710,633,8528.0,512,639645
1711,547,7244.0,512,640192
1712,263,1908.0,128,640455
1713,596,6412.0,512,641051
1714,540,6912.0,512,641591
1715,368,2780.0,256,641959
1716,385,3340.0,256,642344
1717,488,6788.0,512,642832
1718,453,5932.0,512,643285
1719,460,3848.0,256,643745
1720,341,3288.0,256,644086
1721,569,5676.0,512,644655
1722,713,7188.0,512,645368
1723,219,2280.0,256,645587
1724,391,5644.0,512,645978
1725,197,1128.0,128,646175
1726,386,3376.0,256,646561
1727,636,9600.0,1024,647197
1728,499,5468.0,512,647696
1729,456,5372.0,512,648152
1730,492,3164.0,256,648644
1731,231,2756.0,256,648875
1732,593,6984.0,512,649468
1733,230,2896.0,256,649698
1734,337,3160.0,256,650035
1735,262,3056.0,256,650297
1736,309,3072.0,256,650606
1737,611,7300.0,512,651217
1738,381,5324.0,512,651598
1739,812,8056.0,512,652410
1740,394,5300.0,512,652804
1741,268,3196.0,256,653072
1742,688,6580.0,512,653760
1743,300,3084.0,256,654060
1744,126,1116.0,128,654186
1745,542,5360.0,512,654728
1746,261,1908.0,128,654989
1747,320,3196.0,256,655309
1748,414,5376.0,512,655723
1749,468,5276.0,512,656191
1750,998,10680.0,1024,657189
1751,412,5340.0,512,657601
1752,410,5332.0,512,658011
1753,500,6768.0,512,658511
1754,730,7208.0,512,659241
1755,516,7116.0,512,659757
1756,609,7280.0,512,660366
1757,640,7280.0,512,661006
1758,465,5796.0,512,661471
1759,667,9372.0,512,662138
1760,819,7604.0,512,662957
1761,464,5444.0,512,663421
1762,256,2828.0,256,663677
1763,513,5316.0,512,664190
1764,520,7116.0,512,664710
1765,353,3348.0,256,665063
1766,404,5356.0,512,665467
1767,165,1372.0,128,665632
1768,519,6952.0,512,666151
1769,205,2156.0,128,666356
1770,463,6128.0,512,666819
1771,334,3052.0,256,667153
1772,534,6808.0,512,667687
1773,538,6900.0,512,668225
1774,506,6828.0,512,668731
1775,729,6664.0,512,669460
1776,609,5368.0,512,670069
1777,432,5076.0,512,670501
1778,473,6500.0,512,670974
1779,137,1288.0,128,671111
1780,411,4776.0,256,671522
1781,519,6400.0,512,672041
1782,282,3216.0,256,672323
1783,362,4168.0,256,672685
1784,293,3212.0,256,672978
1785,439,3248.0,256,673417
1786,313,3136.0,256,673730
1787,556,7084.0,512,674286
1788,386,4928.0,512,674672
1789,250,2372.0,256,674922
1790,562,7132.0,512,675484
1791,458,5368.0,512,675942
1792,545,7172.0,512,676487
1793,210,2416.0,256,676697
1794,171,1632.0,128,676868
1795,426,6128.0,512,677294
1796,443,6260.0,512,677737
1797,321,3212.0,256,678058
1798,523,7068.0,512,678581
1799,518,6848.0,512,679099
1800,239,2924.0,256,679338
1801,404,5348.0,512,679742
1802,396,4736.0,512,680138
1803,606,7236.0,512,680744
1804,797,7020.0,512,681541
1805,597,7076.0,512,682138
1806,427,5328.0,512,682565
1807,267,3004.0,256,682832
1808,227,1676.0,128,683059
1809,504,6504.0,512,683563
1810,512,6580.0,512,684075
1811,565,6668.0,512,684640
1812,252,3040.0,256,684892
1813,235,2356.0,256,685127
1814,151,1340.0,128,685278
1815,204,1408.0,128,685482
1816,326,3184.0,256,685808
1817,359,2068.0,128,686167
1818,296,2792.0,256,686463
1819,620,5328.0,512,687083
1820,268,3180.0,256,687351
1821,655,7220.0,512,688006
1822,572,9580.0,1024,688578
1823,464,5312.0,512,689042
1824,524,6836.0,512,689566
1825,336,4164.0,256,689902
1826,225,2452.0,256,690127
1827,433,5408.0,512,690560
1828,165,1548.0,128,690725
1829,233,2844.0,256,690958
1830,139,1064.0,64,691097
1831,442,6304.0,512,691539
1832,305,3468.0,256,691844
1833,448,6376.0,512,692292
1834,577,7152.0,512,692869
1835,182,1312.0,128,693051
1836,513,5512.0,512,693564
1837,158,1340.0,128,693722
1838,461,6080.0,512,694183
1839,343,3480.0,256,694526
1840,295,3584.0,256,694821
1841,635,6408.0,512,695456
1842,341,3100.0,256,695797
1843,701,11456.0,1024,696498
1844,890,10432.0,1024,697388
1845,276,3200.0,256,697664
1846,438,3288.0,256,698102
1847,600,6200.0,512,698702
1848,292,3152.0,256,698994
1849,636,7564.0,512,699630
1850,198,2296.0,256,699828
1851,743,6816.0,512,700571
1852,362,3216.0,256,700933
1853,545,6332.0,512,701478
1854,307,1748.0,128,701785
1855,247,2852.0,256,702032
1856,484,6328.0,512,702516
1857,149,1064.0,128,702665
1858,510,3388.0,256,703175
1859,897,10380.0,1024,704072
1860,762,11280.0,1024,704834
1861,262,2972.0,256,705096
1862,258,2028.0,128,705354
1863,567,6940.0,512,705921
1864,496,6920.0,512,706417
1865,547,6756.0,512,706964
1866,315,3184.0,256,707279
1867,429,5352.0,512,707708
1868,890,12088.0,1024,708598
1869,221,2480.0,256,708819
1870,655,7296.0,512,709474
1871,375,4560.0,256,709849
1872,303,3112.0,256,710152
1873,414,3248.0,256,710566
1874,204,2392.0,256,710770
1875,141,1352.0,128,710911
1876,299,3208.0,256,711210
1877,808,11908.0,1024,712018
1878,653,10460.0,1024,712671
1879,667,7108.0,512,713338
1880,320,3360.0,256,713658
1881,160,1372.0,128,713818
1882,496,3348.0,256,714314
1883,382,4104.0,256,714696
1884,785,7124.0,512,715481
1885,510,6464.0,512,715991
1886,340,3760.0,256,716331
1887,307,3344.0,256,716638
1888,226,1468.0,128,716864
1889,510,6060.0,512,717374
1890,326,3476.0,256,717700
1891,258,3060.0,256,717958
1892,367,3440.0,256,718325
1893,733,7132.0,512,719058
1894,610,7044.0,512,719668
1895,165,1356.0,128,719833
1896,250,2944.0,256,720083
1897,395,5332.0,512,720478
1898,348,4080.0,256,720826
1899,579,6744.0,512,721405
1900,444,5436.0,512,721849
1901,529,7028.0,512,722378
1902,427,5332.0,512,722805
1903,115,680.0,64,722920
1904,379,5072.0,512,723299
1905,335,3560.0,256,723634
1906,364,3240.0,256,723998
1907,478,5444.0,512,724476
1908,507,6924.0,512,724983
1909,276,3296.0,256,725259
1910,231,2124.0,128,725490
1911,381,5052.0,512,725871
1912,313,3384.0,256,726184
1913,542,6564.0,512,726726
1914,258,3064.0,256,726984
1915,592,5644.0,512,727576
1916,388,5368.0,512,727964
1917,564,3420.0,256,728528
1918,453,3444.0,256,728981
1919,289,3040.0,256,729270
1920,586,6492.0,512,729856
1921,516,6952.0,512,730372
1922,450,5780.0,512,730822
1923,185,1712.0,128,731007
1924,368,4892.0,512,731375
1925,361,4992.0,512,731736
1926,689,5540.0,512,732425
1927,282,3076.0,256,732707
1928,567,7812.0,512,733274
1929,846,7548.0,512,734120
1930,462,5224.0,512,734582
1931,316,3160.0,256,734898
1932,664,7060.0,512,735562
1933,505,6016.0,512,736067
1934,547,6528.0,512,736614
1935,361,3916.0,256,736975
1936,514,7268.0,512,737489
1937,440,5348.0,512,737929
1938,164,1492.0,128,738093
1939,379,5068.0,512,738472
1940,452,5476.0,512,738924
1941,334,3412.0,256,739258
1942,339,4848.0,512,739597
1943,256,2704.0,256,739853
1944,434,5724.0,512,740287
1945,267,3152.0,256,740554
1946,299,3548.0,256,740853
1947,417,5916.0,512,741270
1948,306,3620.0,256,741576
1949,356,3292.0,256,741932
1950,562,7112.0,512,742494
1951,292,3160.0,256,742786
1952,288,3200.0,256,743074
1953,304,3244.0,256,743378
1954,296,3124.0,256,743674
1955,182,1764.0,128,743856
1956,550,6680.0,512,744406
1957,529,6528.0,512,744935
1958,263,1428.0,128,745198
1959,136,1300.0,128,745334
1960,394,5068.0,512,745728
1961,379,4652.0,512,746107
1962,356,5092.0,512,746463
1963,209,2404.0,256,746672
1964,275,2124.0,256,746947
1965,206,1376.0,128,747153
1966,248,2680.0,256,747401
1967,543,6468.0,512,747944
1968,211,2068.0,128,748155
1969,335,3260.0,256,748490
1970,759,9728.0,1024,749249
1971,440,4936.0,256,749689
1972,471,5748.0,512,750160
1973,759,12132.0,1024,750919
1974,456,6156.0,512,751375
1975,262,3032.0,256,751637
1976,459,6112.0,512,752096
1977,459,5628.0,512,752555
1978,523,3920.0,256,753078
1979,683,8544.0,512,753761
1980,556,7348.0,512,754317
1981,230,2764.0,256,754547
1982,601,10028.0,1024,755148
1983,271,3180.0,256,755419
1984,476,5516.0,512,755895
1985,511,5696.0,512,756406
1986,337,3420.0,256,756743
1987,511,6060.0,512,757254
1988,421,3392.0,256,757675
1989,499,6388.0,512,758174
1990,232,2764.0,256,758406
1991,482,6492.0,512,758888
1992,297,3500.0,256,759185
1993,393,4996.0,512,759578
1994,273,2492.0,256,759851
1995,500,6312.0,512,760351
1996,443,4952.0,512,760794
1997,174,1492.0,128,760968
1998,316,3620.0,256,761284
1999,576,3120.0,256,761860
2000,276,3080.0,256,762136
2001,224,2340.0,256,762360
2002,377,5400.0,512,762737
2003,154,1460.0,128,762891
2004,133,1124.0,128,763024
2005,278,3228.0,256,763302
2006,252,2268.0,256,763554
2007,229,2456.0,256,763783
2008,418,5380.0,512,764201
2009,459,5468.0,512,764660
2010,466,6784.0,512,765126
2011,671,7136.0,512,765797
2012,425,5412.0,512,766222
2013,336,3024.0,256,766558
2014,308,3336.0,256,766866
2015,491,3076.0,256,767357
2016,422,5764.0,512,767779
2017,306,3836.0,256,768085
2018,346,3548.0,256,768431
2019,204,2016.0,128,768635
2020,383,4856.0,512,769018
2021,459,6728.0,512,769477
2022,308,2716.0,256,769785
2023,287,3076.0,256,770072
2024,505,5648.0,512,770577
2025,392,5336.0,512,770969
2026,787,11316.0,1024,771756
2027,474,5648.0,512,772230
2028,240,2696.0,256,772470
2029,429,5436.0,512,772899
2030,426,5684.0,512,773325
2031,587,4772.0,512,773912
2032,413,5344.0,512,774325
2033,176,2040.0,256,774501
2034,379,2924.0,256,774880
2035,496,6888.0,512,775376
2036,253,3040.0,256,775629
2037,292,2208.0,128,775921
2038,591,9524.0,1024,776512
2039,571,6772.0,512,777083
2040,616,6988.0,512,777699
2041,610,7364.0,512,778309
2042,765,10616.0,1024,779074
2043,459,5588.0,512,779533
2044,425,3820.0,256,779958
2045,309,4016.0,256,780267
2046,266,3096.0,256,780533
2047,318,3052.0,256,780851
2048,291,3396.0,256,781142
2049,395,5632.0,512,781537
2050,890,12344.0,1024,782427
2051,309,3384.0,256,782736
2052,553,6660.0,512,783289
2053,490,5464.0,512,783779
2054,385,5308.0,512,784164
2055,450,6300.0,512,784614
2056,356,2944.0,256,784970
2057,706,10144.0,1024,785676
2058,342,3488.0,256,786018
2059,416,5324.0,512,786434
2060,576,3068.0,256,787010
2061,445,5632.0,512,787455
2062,218,2460.0,256,787673
2063,403,5456.0,512,788076
2064,533,7340.0,512,788609
2065,284,2460.0,256,788893
2066,509,6784.0,512,789402
2067,495,6964.0,512,789897
2068,481,6960.0,512,790378
2069,571,6856.0,512,790949
2070,214,2444.0,256,791163
2071,563,6168.0,512,791726
2072,541,6660.0,512,792267
2073,987,7484.0,512,793254
2074,549,7016.0,512,793803
2075,634,7348.0,512,794437
2076,403,5380.0,512,794840
2077,491,6272.0,512,795331
2078,533,7028.0,512,795864
2079,166,1652.0,128,796030
2080,443,5316.0,512,796473
2081,309,3232.0,256,796782
2082,618,7028.0,512,797400
2083,281,3324.0,256,797681
2084,442,6364.0,512,798123
2085,293,2612.0,256,798416
2086,380,5380.0,512,798796
2087,372,4696.0,512,799168
2088,376,3928.0,256,799544
2089,727,10868.0,1024,800271
2090,480,6976.0,512,800751
2091,416,5536.0,512,801167
2092,291,1468.0,128,801458
2093,293,3324.0,256,801751
2094,345,5060.0,512,802096
2095,543,5468.0,512,802639
2096,205,1728.0,128,802844
2097,334,3340.0,256,803178
2098,387,3832.0,256,803565
2099,296,3072.0,256,803861
2100,293,2872.0,256,804154
2101,589,7184.0,512,804743
2102,573,7296.0,512,805316
2103,473,5312.0,512,805789
2104,506,5848.0,512,806295
2105,761,11028.0,1024,807056
2106,426,5340.0,512,807482
2107,613,7268.0,512,808095
2108,500,3588.0,256,808595
2109,418,4812.0,256,809013
2110,269,2796.0,256,809282
2111,213,2316.0,256,809495
2112,383,4604.0,512,809878
2113,302,3068.0,256,810180
2114,862,12016.0,1024,811042
2115,532,7048.0,512,811574
2116,876,11488.0,1024,812450
2117,467,5508.0,512,812917
2118,524,7024.0,512,813441
2119,537,6424.0,512,813978
2120,534,7032.0,512,814512
2121,456,6452.0,512,814968
2122,624,8488.0,512,815592
2123,510,7196.0,512,816102
2124,417,5512.0,512,816519
2125,541,6772.0,512,817060
2126,482,6004.0,512,817542
2127,556,7200.0,512,818098
2128,514,2728.0,256,818612
2129,520,7176.0,512,819132
2130,520,6424.0,512,819652
2131,264,3208.0,256,819916
2132,438,6296.0,512,820354
2133,532,6796.0,512,820886
2134,477,6780.0,512,821363
2135,152,1332.0,128,821515
2136,392,3356.0,256,821907
2137,1135,14696.0,1024,823042
2138,196,2024.0,128,823238
2139,660,3164.0,256,823898
2140,874,8044.0,512,824772
2141,281,3092.0,256,825053
2142,932,11684.0,1024,825985
2143,487,6900.0,512,826472
2144,654,6832.0,512,827126
2145,336,3240.0,256,827462
2146,304,3588.0,256,827766
2147,392,3544.0,256,828158
2148,577,7108.0,512,828735
2149,435,3768.0,256,829170
2150,274,3436.0,256,829444
2151,505,7124.0,512,829949
2152,314,3612.0,256,830263
2153,300,3164.0,256,830563
2154,636,6428.0,512,831199
2155,438,5344.0,512,831637
2156,185,1448.0,128,831822
2157,140,1352.0,128,831962
2158,495,7020.0,512,832457
2159,510,7068.0,512,832967
2160,495,6756.0,512,833462
2161,223,2604.0,256,833685
2162,905,6200.0,512,834590
2163,287,2856.0,256,834877
2164,559,6428.0,512,835436
2165,376,5136.0,512,835812
2166,563,5740.0,512,836375
2167,307,3748.0,256,836682
2168,587,7268.0,512,837269
2169,203,2144.0,128,837472
2170,559,7068.0,512,838031
2171,475,6848.0,512,838506
2172,211,2444.0,256,838717
2173,676,11272.0,1024,839393
2174,241,2460.0,256,839634
2175,457,6328.0,512,840091
2176,572,7092.0,512,840663
2177,849,12244.0,1024,841512
2178,336,4580.0,512,841848
2179,529,7060.0,512,842377
2180,612,7748.0,512,842989
2181,324,3084.0,256,843313
2182,201,1460.0,128,843514
2183,722,6936.0,512,844236
2184,264,2920.0,256,844500
2185,293,3040.0,256,844793
2186,507,7092.0,512,845300
2187,331,3156.0,256,845631
2188,469,4584.0,256,846100
2189,452,3816.0,256,846552
2190,1021,12100.0,1024,847573
2191,264,3112.0,256,847837
2192,465,5460.0,512,848302
2193,512,7004.0,512,848814
2194,205,2440.0,256,849019
2195,518,6308.0,512,849537
2196,572,5544.0,512,850109
2197,175,1476.0,128,850284
2198,414,5760.0,512,850698
2199,451,6232.0,512,851149
2200,520,7008.0,512,851669
2201,309,3400.0,256,851978
2202,280,3384.0,256,852258
2203,501,7056.0,512,852759
2204,181,1620.0,128,852940
2205,581,6136.0,512,853521
2206,387,4056.0,256,853908
2207,697,10048.0,1024,854605
2208,445,6376.0,512,855050
2209,579,6764.0,512,855629
2210,550,7124.0,512,856179
2211,585,6520.0,512,856764
2212,664,7428.0,512,857428
2213,472,6412.0,512,857900
2214,450,6420.0,512,858350
2215,284,3212.0,256,858634
2216,382,5288.0,512,859016
2217,530,7144.0,512,859546
2218,231,2056.0,128,859777
2219,452,6324.0,512,860229
2220,276,3084.0,256,860505
2221,466,6728.0,512,860971
2222,295,2984.0,256,861266
2223,517,6940.0,512,861783
2224,275,4144.0,512,862058
2225,312,3160.0,256,862370
2226,271,3048.0,256,862641
2227,934,11800.0,1024,863575
2228,314,3108.0,256,863889
2229,552,7136.0,512,864441
2230,226,2312.0,256,864667
2231,531,6712.0,512,865198
2232,540,7124.0,512,865738
2233,308,3184.0,256,866046
2234,673,7460.0,512,866719
2235,507,5440.0,512,867226
2236,574,7148.0,512,867800
2237,796,12192.0,1024,868596
2238,511,7100.0,512,869107
2239,679,10352.0,1024,869786
2240,446,6432.0,512,870232
2241,599,7788.0,512,870831
2242,526,7044.0,512,871357
2243,262,2976.0,256,871619
2244,536,7084.0,512,872155
2245,285,3052.0,256,872440
2246,214,1476.0,128,872654
2247,369,4876.0,512,873023
2248,231,2636.0,256,873254
2249,541,7116.0,512,873795
2250,644,6408.0,512,874439
2251,298,2992.0,256,874737
2252,557,7772.0,512,875294
2253,225,1676.0,128,875519
2254,428,5448.0,512,875947
2255,323,3680.0,256,876270
2256,624,5548.0,512,876894
2257,522,6272.0,512,877416
2258,374,5248.0,512,877790
2259,767,6908.0,512,878557
2260,297,3700.0,256,878854
2261,97,608.0,64,878951
2262,439,6148.0,512,879390
2263,267,3120.0,256,879657
2264,317,4456.0,512,879974
2265,433,5060.0,512,880407
2266,375,3532.0,256,880782
2267,299,3740.0,256,881081
2268,657,9592.0,1024,881738
2269,432,5996.0,512,882170
2270,229,2800.0,256,882399
2271,309,3212.0,256,882708
2272,526,7064.0,512,883234
2273,218,1908.0,128,883452
2274,559,7080.0,512,884011
2275,801,12092.0,1024,884812
2276,313,3752.0,256,885125
2277,566,7064.0,512,885691
2278,187,1640.0,128,885878
2279,277,3368.0,256,886155
2280,551,6932.0,512,886706
2281,308,3500.0,256,887014
2282,196,1380.0,128,887210
2283,349,3220.0,256,887559
2284,528,6128.0,512,888087
2285,418,5356.0,512,888505
2286,517,6244.0,512,889022
2287,455,6400.0,512,889477
2288,819,12108.0,1024,890296
2289,732,10816.0,1024,891028
2290,286,3348.0,256,891314
2291,319,3508.0,256,891633
2292,253,2976.0,256,891886
2293,475,5352.0,512,892361
2294,430,5744.0,512,892791
2295,497,4740.0,512,893288
2296,215,2576.0,256,893503
2297,499,6288.0,512,894002
2298,506,6856.0,512,894508
2299,443,5424.0,512,894951
2300,372,5320.0,512,895323
2301,475,6344.0,512,895798
2302,236,2452.0,256,896034
2303,358,5044.0,512,896392
2304,413,5440.0,512,896805
2305,338,3096.0,256,897143
2306,268,3152.0,256,897411
2307,501,6360.0,512,897912
2308,504,6996.0,512,898416
2309,678,6176.0,512,899094
2310,204,1364.0,128,899298
2311,488,5844.0,512,899786
2312,582,6156.0,512,900368
2313,422,3152.0,256,900790
2314,647,10384.0,1024,901437
2315,258,2800.0,256,901695
2316,736,6380.0,512,902431
2317,499,7120.0,512,902930
2318,260,3020.0,256,903190
2319,239,2604.0,256,903429
2320,289,3384.0,256,903718
2321,402,5088.0,512,904120
2322,257,3084.0,256,904377
2323,265,3096.0,256,904642
2324,515,7084.0,512,905157
2325,423,5332.0,512,905580
2326,555,7092.0,512,906135
2327,368,3188.0,256,906503
2328,504,6996.0,512,907007
2329,315,3640.0,256,907322
2330,230,2424.0,256,907552
2331,479,5404.0,512,908031
2332,552,6400.0,512,908583
2333,373,4744.0,256,908956
2334,291,3056.0,256,909247
2335,482,6508.0,512,909729
2336,414,5360.0,512,910143
2337,524,6504.0,512,910667
2338,424,5472.0,512,911091
2339,545,5720.0,512,911636
2340,243,2992.0,256,911879
2341,283,3048.0,256,912162
2342,731,11620.0,1024,912893
2343,565,7472.0,512,913458
2344,275,3236.0,256,913733
2345,198,2308.0,256,913931
2346,710,6420.0,512,914641
2347,464,6344.0,512,915105
2348,264,3156.0,256,915369
2349,334,3168.0,256,915703
2350,547,6960.0,512,916250
2351,723,9304.0,512,916973
2352,403,5276.0,512,917376
2353,334,4492.0,512,917710
2354,569,7000.0,512,918279
2355,418,5624.0,512,918697
2356,1059,14800.0,1024,919756
2357,431,6140.0,512,920187
2358,358,5028.0,512,920545
2359,398,5280.0,512,920943
2360,261,3140.0,256,921204
2361,584,7044.0,512,921788
2362,602,7284.0,512,922390
2363,405,5280.0,512,922795
2364,378,4964.0,512,923173
2365,319,2932.0,256,923492
2366,630,10128.0,1024,924122
2367,559,7064.0,512,924681
2368,347,3996.0,256,925028
2369,553,7316.0,512,925581
2370,527,6952.0,512,926108
2371,617,6780.0,512,926725
2372,252,2372.0,256,926977
2373,401,5480.0,512,927378
2374,289,3196.0,256,927667
2375,341,3648.0,256,928008
2376,498,6908.0,512,928506
2377,139,644.0,64,928645
2378,172,1332.0,128,928817
2379,481,6732.0,512,929298
2380,522,6296.0,512,929820
2381,391,3192.0,256,930211
2382,426,5248.0,512,930637
2383,597,9732.0,1024,931234
2384,242,1768.0,128,931476
2385,486,6308.0,512,931962
2386,379,4052.0,256,932341
2387,310,3136.0,256,932651
2388,502,7072.0,512,933153
2389,293,3448.0,256,933446
2390,785,12524.0,1024,934231
2391,297,3420.0,256,934528
2392,539,5764.0,512,935067
2393,242,2996.0,256,935309
2394,461,5504.0,512,935770
2395,531,6824.0,512,936301
2396,236,2808.0,256,936537
2397,555,6480.0,512,937092
2398,440,5832.0,512,937532
2399,467,6428.0,512,937999
2400,491,3704.0,256,938490
2401,277,3088.0,256,938767
2402,763,11964.0,1024,939530
2403,271,3168.0,256,939801
2404,486,6620.0,512,940287
2405,766,8544.0,512,941053
2406,373,5104.0,512,941426
2407,306,3168.0,256,941732
2408,578,7212.0,512,942310
2409,504,6748.0,512,942814
2410,288,3028.0,256,943102
2411,195,2284.0,256,943297
2412,443,5448.0,512,943740
2413,255,3008.0,256,943995
2414,621,7164.0,512,944616
2415,403,5304.0,512,945019
2416,399,5212.0,512,945418
2417,322,3868.0,256,945740
2418,441,6472.0,512,946181
2419,424,5268.0,256,946605
2420,279,3240.0,256,946884
2421,670,7160.0,512,947554
2422,296,3572.0,256,947850
2423,599,6280.0,512,948449
2424,621,7108.0,512,949070
2425,449,5440.0,512,949519
2426,811,11548.0,1024,950330
2427,502,6872.0,512,950832
2428,534,6760.0,512,951366
2429,608,7452.0,512,951974
2430,284,3044.0,256,952258
2431,395,5372.0,512,952653
2432,447,6444.0,512,953100
2433,286,2576.0,256,953386
2434,271,3036.0,256,953657
2435,708,7196.0,512,954365
2436,205,1808.0,128,954570
2437,248,3016.0,256,954818
2438,332,3316.0,256,955150
2439,231,2768.0,256,955381
2440,309,3516.0,256,955690
2441,466,6440.0,512,956156
2442,362,4076.0,256,956518
2443,813,13656.0,1024,957331
2444,496,7140.0,512,957827
2445,286,3168.0,256,958113
2446,474,6248.0,512,958587
2447,259,3044.0,256,958846
2448,525,3324.0,256,959371
2449,316,3156.0,256,959687
2450,522,7092.0,512,960209
2451,376,3328.0,256,960585
2452,522,7304.0,512,961107
2453,886,12732.0,1024,961993
2454,251,2928.0,256,962244
2455,481,6320.0,512,962725
2456,402,3416.0,256,963127
2457,580,7040.0,512,963707
2458,368,5104.0,512,964075
2459,1110,14304.0,1024,965185
2460,503,5348.0,512,965688
2461,284,3188.0,256,965972
2462,325,3896.0,256,966297
2463,516,6500.0,512,966813
2464,263,2460.0,256,967076
2465,475,5744.0,512,967551
2466,795,10504.0,1024,968346
2467,416,5500.0,512,968762
2468,146,1340.0,128,968908
2469,283,3360.0,256,969191
2470,280,3388.0,256,969471
2471,232,2728.0,256,969703
2472,384,5384.0,512,970087
2473,208,1724.0,128,970295
2474,488,5456.0,512,970783
2475,528,6728.0,512,971311
2476,592,7068.0,512,971903
2477,446,5276.0,512,972349
2478,239,2744.0,256,972588
2479,378,5360.0,512,972966
2480,355,3260.0,256,973321
2481,212,2428.0,256,973533
2482,448,6224.0,512,973981
2483,513,7080.0,512,974494
2484,266,3120.0,256,974760
2485,318,3424.0,256,975078
2486,826,12116.0,1024,975904
2487,375,4888.0,512,976279
2488,279,3088.0,256,976558
2489,262,3100.0,256,976820
2490,247,2308.0,256,977067
2491,700,7196.0,512,977767
2492,496,7048.0,512,978263
2493,406,5500.0,512,978669
2494,567,6716.0,512,979236
2495,446,5436.0,512,979682
2496,561,7172.0,512,980243
2497,273,3060.0,256,980516
2498,506,6600.0,512,981022
2499,538,7532.0,512,981560
2500,333,3488.0,256,981893
2501,242,2852.0,256,982135
2502,415,5416.0,512,982550
2503,501,6968.0,512,983051
2504,395,5456.0,512,983446
2505,408,5472.0,512,983854
2506,206,2028.0,128,984060
2507,232,2740.0,256,984292
2508,508,7160.0,512,984800
2509,282,3104.0,256,985082
2510,401,4944.0,512,985483
2511,673,10800.0,1024,986156
2512,472,6932.0,512,986628
2513,248,2832.0,256,986876
2514,361,5204.0,512,987237
2515,199,2152.0,256,987436
2516,412,5608.0,512,987848
2517,144,1396.0,128,987992
2518,579,6756.0,512,988571
2519,215,1364.0,128,988786
2520,181,1440.0,128,988967
2521,428,5428.0,512,989395
2522,631,10360.0,1024,990026
2523,471,6448.0,512,990497
2524,452,5428.0,512,990949
2525,478,5476.0,512,991427
2526,304,3184.0,256,991731
2527,362,4980.0,512,992093
2528,260,3116.0,256,992353
2529,352,3916.0,256,992705
2530,287,3140.0,256,992992
2531,178,1620.0,128,993170
2532,516,7116.0,512,993686
2533,202,2324.0,256,993888
2534,160,1552.0,128,994048
2535,363,3760.0,256,994411
2536,530,7092.0,512,994941
2537,256,3032.0,256,995197
2538,567,4716.0,512,995764
2539,567,7640.0,512,996331
2540,507,7156.0,512,996838
2541,393,5296.0,512,997231
2542,563,6740.0,512,997794
2543,440,6136.0,512,998234
2544,328,3816.0,256,998562
2545,453,5452.0,512,999015
2546,379,3388.0,256,999394
